Los resultados son:
exp=50523935602178820613573883985920.000000 
log=4.290460 
sen=-0.676772 
cos=-0.736193 
sqrt=8.544003 
